1378 26 1822
1377 25 
1376 25 
1375 25 
1374 25 
1373 25 
1372 25 1733
1371 24 
1370 24 
1369 24 
1368 24 1800
1367 23 352
1366 23 
1365 23 14
1364 23 1925
1363 22 
1362 22 
1361 22 
1360 22 
1359 22 
1358 22 227
1357 21 
1356 21 
1355 21 
1354 21 
1353 21 548
1352 20 318
1351 20 1463
1350 19 
1349 19 
1348 19 
1347 19 
1345 19 
1344 19 
1343 19 1086
1342 18 
1341 18 
1340 18 
1339 18 1246
1338 17 
1337 17 
1336 17 
1335 17 
1334 17 1349
1333 16 
1332 16 3400
1331 16 
1330 16 1068
1329 15 
1328 15 
1327 15 
1326 15 
1325 15 163
1324 14 
1323 14 
1322 14 
1321 14 
1320 14 506
1319 13 
1318 13 
1317 13 
1316 13 966
1315 12 
1314 12 
1313 12 
1311 12 1070
1310 11 
1309 11 
1308 11 
1307 11 
1306 11 913
1304 10 
1303 10 
1302 10 
1301 10 
1300 10 
1299 10 1212
1298 9 
1297 9 
1296 9 
1295 9 1115
1294 8 
1293 8 
1292 8 
1291 8 
1290 8 
1289 8 182
1288 7 
1287 7 493
1286 7 
1284 6 
1283 6 910
1282 5 
1281 5 
1280 5 
1279 5 883
1277 4 
1276 4 
1275 4 
1274 4 
1273 4 719
1272 3 
1271 3 
1270 3 
1269 3 
1268 3 
1267 3 
1266 3 
